100
30.19100 9.61700 0.79425
6.17000 12.23300 3.47012
20.75400 25.53200 0.61725
27.09900 7.59100 2.01562
1.53200 12.43800 3.33850
2.51300 22.36400 2.55138
5.64700 0.82900 3.53900
8.32100 27.31900 3.01725
23.63600 29.61900 0.46825
19.57500 2.57300 1.29250
16.57200 0.07100 3.20775
7.95500 6.25400 2.22750
29.84800 19.43800 3.18500
27.73800 12.51900 0.36712
27.23100 3.96700 1.82400
17.72000 11.15100 2.16300
28.45400 4.36500 1.99212
28.91100 31.12300 3.09825
5.71000 23.51100 3.23825
26.02800 19.84100 0.05325
6.22800 30.85000 3.89725
27.00200 30.58200 1.96375
27.59600 22.68500 0.98262
31.75300 13.57800 2.25462
19.43500 22.94000 0.11250
16.12700 0.77600 1.30163
8.74500 0.71300 0.61413
5.58900 21.32700 1.07187
28.90200 16.10700 2.56200
30.56900 29.55900 0.82425
31.51300 7.55500 2.51437
15.05200 0.26800 3.45900
2.41100 28.91500 2.63675
22.00900 3.70800 1.76325
26.45100 13.81100 0.31312
24.68700 10.25500 2.41737
4.87300 26.13300 2.59888
1.26400 19.06800 1.21487
12.65300 31.30900 2.99950
13.51600 9.46600 1.04087
13.10700 17.33700 1.74463
13.43900 16.09800 3.74225
19.19000 12.31500 0.72175
19.59900 23.86400 0.50587
27.64400 23.74400 1.71200
23.27800 24.25000 3.51187
6.10000 21.96400 1.12262
0.07300 17.72800 0.51600
21.78100 22.82400 3.15625
0.52300 22.93000 2.88825
21.47200 15.22900 2.96275
1.27900 21.25700 1.32425
5.37900 29.44000 0.83362
19.92500 16.01300 0.28225
28.35200 7.94200 1.11275
3.06200 6.34800 2.59425
5.79600 29.83800 2.56438
10.34500 15.81600 0.88962
31.23500 5.96000 0.25562
30.14100 1.02500 0.50987
14.05200 25.53500 1.29287
16.17200 9.20000 3.59550
1.41000 23.22100 0.31150
25.72200 31.89100 2.97237
26.29800 1.74200 3.53825
15.67300 27.68300 1.29675
1.52500 11.55100 0.55612
14.71200 24.67700 2.85450
32.10500 11.83200 2.49512
28.42900 1.03100 1.16725
8.65900 0.19600 1.82900
18.92900 5.89700 2.87725
14.06900 28.63900 3.17175
15.21600 7.72100 3.81113
0.11100 5.78600 0.55663
22.29600 14.78300 3.40837
6.88200 16.25200 0.11438
7.59000 11.92800 1.08025
30.54400 10.71100 3.13587
5.48100 2.98800 1.69063
18.22700 4.16900 2.81887
3.28600 28.09700 1.13225
12.75200 29.38000 1.15800
20.27700 15.96300 3.91225
23.45800 27.63100 1.18125
31.92900 32.13900 1.23925
12.02400 3.26700 1.55137
28.26400 15.99200 0.32425
0.28300 10.92500 2.95850
25.47900 3.25300 2.94225
12.69700 2.97300 2.97363
31.13200 1.22600 3.11750
18.81500 14.53700 2.81875
28.95800 5.23100 2.34775
32.43000 19.47200 0.24288
20.57900 10.09700 3.06087
25.49400 5.43500 2.66575
25.46000 3.12800 1.00988
1.52100 19.35200 2.34525
13.00700 10.08100 1.95400
